Resultado.txt= {
	[0.00303427 ,	],
	[0.00357541 ,	],
	[0.0275015 ,	],
	[-0.001531 ,	],
	[0.00395842 ,	],
	[0.0284513 ,	],
	[-0.00167055 ,	],
	[-0.00231572 ,	],
	[0.0279288 ,	],
	[0.00323062 ,	],
	[-0.00201786 ,	],
	[0.0272184 ,	],
	[0.000646435 ,	],
	[-0.00240636 ,	],
	[0.0289425 ,	],
	[0.000560532 ,	],
	[-0.00651173 ,	],
	[0.0230861 ,	],
	[0.00271386 ,	],
	[-0.00560878 ,	],
	[0.0217761 ,	],
	[-0.00513134 ,	],
	[-0.00166984 ,	],
	[0.0223719 ,	],
	[-0.00413723 ,	],
	[-0.00470455 ,	],
	[0.0186687 ,	],
	[-0.00144208 ,	],
	[-0.00630528 ,	],
	[0.022385 ,	],
	[-0.00464273 ,	],
	[0.00295857 ,	],
	[0.0225965 ,	],
	[-0.00529572 ,	],
	[0.000598257 ,	],
	[0.0232988 ,	],
	[-0.00170581 ,	],
	[0.00081504 ,	],
	[0.02953 ,	],
	[0.000644988 ,	],
	[0.00410503 ,	],
	[0.0295236 ,	],
	[0.000678518 ,	],
	[0.000849893 ,	],
	[0.0306703 ,	],
	[0.00334945 ,	],
	[0.000741553 ,	],
	[0.0286964 ,	],
	[0.00382164 ,	],
	[0.00422153 ,	],
	[0.0245798 ,	],
	[-0.000720187 ,	],
	[0.00536022 ,	],
	[0.0280271 ,	],
	[-0.000861009 ,	],
	[-0.00124933 ,	],
	[0.0294417 ,	],
	[0.00459009 ,	],
	[-0.000885885 ,	],
	[0.0263092 ,	],
	[0.00146891 ,	],
	[-0.00122471 ,	],
	[0.0296146 ,	],
	[0.001304 ,	],
	[-0.00475003 ,	],
	[0.0255964 ,	],
	[0.00400036 ,	],
	[-0.00355312 ,	],
	[0.0230431 ,	],
	[-0.00372565 ,	],
	[-0.00101569 ,	],
	[0.025848 ,	],
	[-0.00327646 ,	],
	[-0.00400806 ,	],
	[0.0227396 ,	],
	[-0.000794814 ,	],
	[-0.00482749 ,	],
	[0.0254941 ,	],
	[-0.00306701 ,	],
	[0.00454446 ,	],
	[0.0246332 ,	],
	[-0.00366356 ,	],
	[0.00158482 ,	],
	[0.0263916 ,	],
	[-0.000838442 ,	],
	[0.00191259 ,	],
	[0.0302043 ,	],
	[0.00130641 ,	],
	[0.00531665 ,	],
	[0.0281115 ,	],
	[0.00147032 ,	],
	[0.00188816 ,	],
	[0.0303676 ,	],
	[0.00455398 ,	],
	[0.00144642 ,	],
	[0.0267551 ,	],
};
